2261.8506 0
0 278 279 338 389 363 398 339 248 280 220 219 0
0 323 382 383 324 306 384 366 379 378 319 259 0
0 275 335 308 340 399 400 368 395 394 393 334 0
0 242 86 258 318 71 245 55 0
0 262 313 301 322 373 361 385 380 325 266 265 320 20 0
0 50 110 51 56 115 10 111 116 175 174 225 165 114 0
0 42 43 48 9 103 162 216 161 102 101 156 0
0 25 26 27 127 272 247 267 85 140 61 0
0 15 16 11 76 135 194 293 180 233 134 173 74 0
0 176 235 295 236 190 231 130 171 230 170 0
0 100 159 160 128 215 155 214 213 154 95 94 153 208 0
0 221 276 243 336 281 341 396 303 269 218 183 0
0 179 238 239 299 256 191 196 131 195 136 75 0
0 244 309 282 268 241 1 13 0
0 143 203 144 126 204 263 186 199 198 139 0
0 163 222 129 223 189 228 227 168 167 108 117 0
0 3 271 390 329 249 287 290 350 358 0
0 52 5 57 112 296 250 291 65 105 54 45 0
0 121 200 145 205 260 181 253 264 246 193 142 0
0 0
0 91 270 321 330 381 362 302 328 388 333 274 273 0
0 90 141 150 201 182 261 210 151 92 7 32 31 0
0 331 332 391 392 367 387 307 327 386 326 0
0 315 316 359 418 419 371 376 311 375 374 314 0
0 44 49 104 64 4 37 188 68 0
0 87 67 152 211 212 187 207 206 147 146 0
0 28 2 88 33 93 148 122 62 81 30 21 0
0 47 41 96 123 209 158 98 149 63 89 38 29 36 0
0 0
0 70 69 39 99 40 8 35 34 0
0 229 284 289 344 349 404 364 397 346 304 337 286 277 226 0
0 109 164 124 169 224 184 217 166 107 106 157 97 46 0
0 257 312 317 372 377 360 413 300 353 254 240 0
0 12 17 72 60 255 251 14 113 420 53 0
0 80 19 6 84 79 138 197 252 192 137 78 132 77 18 0
0 283 342 401 402 343 403 369 408 407 348 406 347 288 0
0 355 414 415 356 351 310 411 370 416 410 409 0
0 125 172 118 177 232 185 237 178 119 59 58 0
0 0
0 22 73 133 82 23 24 83 202 66 120 298 0
0 292 297 352 305 412 357 417 365 405 354 345 294 285 234 0
