0.0 0
0 0 188 219 220 278 279 280 329 338 339 363 389 398 0
0 0 246 259 264 306 318 319 323 324 366 378 379 382 383 384 0
0 0 248 275 308 334 335 340 368 393 394 395 399 400 0
0 0 0
0 0 241 262 265 266 301 313 320 322 325 361 373 380 385 0
0 0 10 50 51 55 56 110 111 114 115 116 165 174 175 225 0
0 0 9 42 43 48 101 102 103 156 161 162 216 0
0 0 25 26 27 61 80 85 86 140 0
0 0 11 15 16 74 75 76 120 134 135 173 180 194 233 293 0
0 0 70 130 170 171 176 190 230 231 235 236 290 295 0
0 0 8 68 94 95 100 128 153 154 155 159 160 208 213 214 215 0
0 0 183 218 221 243 269 276 281 303 336 341 396 0
0 0 71 131 136 179 191 195 196 238 239 255 298 0
0 0 1 13 20 0
0 0 66 126 139 143 144 186 198 199 203 204 258 263 0
0 0 69 108 129 163 167 168 189 222 223 227 228 282 287 0
0 0 0
0 0 5 45 52 54 57 65 105 112 0
0 0 121 142 145 181 193 200 202 205 253 260 0
0 0 0
0 0 242 268 270 273 274 302 321 328 330 333 362 381 388 0
0 0 7 31 32 90 91 92 122 141 150 151 182 201 210 261 0
0 0 247 267 272 307 326 327 331 332 367 386 387 390 391 392 0
0 0 251 256 299 311 315 316 358 359 371 374 375 376 417 418 419 0
0 0 4 37 44 49 104 0
0 0 67 87 127 146 147 152 187 206 207 211 212 271 0
0 0 2 21 28 30 33 62 81 88 93 148 0
0 0 3 29 36 38 41 63 89 96 98 123 149 158 209 0
0 0 0
0 0 34 35 39 40 99 0
0 0 226 229 244 277 284 286 289 304 337 344 346 349 364 397 404 0
0 0 46 47 64 97 106 107 109 124 157 164 166 169 184 217 224 0
0 0 240 254 257 300 312 314 317 353 360 372 377 413 0
0 0 12 14 17 53 60 72 113 420 0
0 0 6 18 19 77 78 79 84 132 137 138 192 197 252 0
0 0 249 283 288 309 342 343 347 348 369 401 402 403 406 407 408 0
0 0 250 291 296 310 350 351 355 356 370 409 410 411 414 415 416 0
0 0 58 59 117 118 119 125 172 177 178 185 232 237 0
0 0 0
0 0 22 23 24 73 82 83 133 0
0 0 234 245 285 292 294 297 305 345 352 354 357 365 405 412 0
